6.000000000000000000e+00
6.139999999999999680e+00
6.280000000000000249e+00
6.429999999999999716e+00
6.580000000000000071e+00
6.730000000000000426e+00
6.879999999999999893e+00
7.040000000000000036e+00
7.200000000000000178e+00
7.370000000000000107e+00
7.530000000000000249e+00
7.700000000000000178e+00
7.879999999999999893e+00
8.060000000000000497e+00
8.240000000000000213e+00
8.419999999999999929e+00
8.609999999999999432e+00
8.800000000000000711e+00
9.000000000000000000e+00
9.199999999999999289e+00
9.400000000000000355e+00
9.609999999999999432e+00
9.820000000000000284e+00
1.003999999999999915e+01
1.025999999999999979e+01
1.049000000000000021e+01
1.071000000000000085e+01
1.094999999999999929e+01
1.118999999999999950e+01
1.142999999999999972e+01
1.167999999999999972e+01
1.192999999999999972e+01
1.218999999999999950e+01
1.246000000000000085e+01
1.273000000000000043e+01
1.300000000000000000e+01
1.327999999999999936e+01
1.357000000000000028e+01
1.385999999999999943e+01
1.415000000000000036e+01
1.446000000000000085e+01
1.476999999999999957e+01
1.508000000000000007e+01
1.540000000000000036e+01
1.573000000000000043e+01
1.607000000000000028e+01
1.641000000000000014e+01
1.676000000000000156e+01
1.710999999999999943e+01
1.746999999999999886e+01
1.783999999999999986e+01
1.821999999999999886e+01
1.860000000000000142e+01
1.900000000000000000e+01
1.939999999999999858e+01
1.980000000000000071e+01
2.021999999999999886e+01
2.064000000000000057e+01
2.107999999999999829e+01
2.151999999999999957e+01
2.196999999999999886e+01
2.242999999999999972e+01
2.289999999999999858e+01
2.337999999999999901e+01
2.385999999999999943e+01
2.435999999999999943e+01
2.487000000000000099e+01
2.537999999999999901e+01
2.591000000000000014e+01
2.644999999999999929e+01
2.700000000000000000e+01
2.755999999999999872e+01
2.812999999999999901e+01
2.871000000000000085e+01
2.930999999999999872e+01
2.991000000000000014e+01
